Appium: 13, 2, 6, 7, 10, 12, 15, 8, 11, 14, 16, 23, 1, 17, 18, 53
Bundler: 7, 8, 36, 6, 9, 12, 2, 10, 11, 14, 15, 5, 1, 16, 17, 53
Candlepin: 7, 2, 6, 8, 11, 15, 9, 10, 16, 12, 17, 14, 18, 1, 19, 53
Diaspora: 6, 7, 2, 9, 8, 10, 11, 12, 15, 13, 1, 14, 18, 17, 16, 53
Hazelcast: 13, 7, 8, 9, 14, 6, 2, 11, 4, 10, 12, 17, 15, 16, 18, 53
Kuma: 6, 2, 5, 7, 10, 11, 12, 13, 8, 17, 1, 15, 18, 14, 9, 53
Marathon: 6, 7, 2, 14, 10, 1, 11, 8, 9, 12, 16, 17, 20, 21, 15, 53
Metasploit Framework: 7, 2, 6, 11, 8, 12, 10, 17, 18, 15, 1, 5, 23, 14, 25, 53
Meteor: 7, 2, 4, 6, 9, 11, 8, 10, 12, 13, 36, 1, 15, 18, 19, 53
Nancy: 7, 6, 2, 1, 15, 8, 11, 12, 10, 36, 17, 18, 5, 21, 14, 53
Netty: 7, 2, 8, 12, 6, 11, 10, 9, 15, 1, 17, 14, 18, 19, 16, 53
Node: 6, 2, 10, 8, 12, 7, 11, 15, 9, 1, 16, 17, 18, 19, 20, 53
Okhttp: 36, 22, 6, 2, 7, 10, 12, 11, 15, 17, 16, 18, 23, 8, 14, 53
Pouchdb: 2, 5, 6, 10, 8, 11, 7, 12, 15, 17, 18, 16, 19, 1, 20, 53
Pulp: 4, 7, 10, 6, 12, 2, 11, 15, 17, 18, 16, 5, 8, 9, 14, 53
Rosdistro: 16, 17, 8, 18, 6, 7, 25, 2, 14, 24, 5, 10, 11, 19, 21, 53
Scala IDE: 7, 2, 5, 6, 9, 8, 10, 14, 1, 11, 12, 17, 18, 16, 19, 53
Scala JS: 22, 7, 6, 10, 2, 8, 14, 17, 11, 9, 15, 12, 16, 18, 1, 53
Scikit: 7, 2, 6, 10, 11, 12, 1, 9, 16, 17, 8, 14, 18, 15, 19, 53
Vagrant: 36, 7, 6, 11, 8, 10, 12, 14, 2, 9, 15, 1, 17, 18, 20, 53